------------01-Apr-2024 21:10:16 
 D:\GITRepos\km-dropplet-onto-bath\matlab\1_code\sweeper_water_2024
D =

    50


Quant =

   100


rho =

     1


sigma =

   72.2000


nu =

    0.0098


muair =

     0


RhoS =

     1


SigmaS =

   72.2000


R =

    0.0350


Ang =

   180


U =

    57
    55
    53
    51
    49
    47


modes =

    21


tol =

   5.0000e-05

if system_dependent('IsDebugMode')==1, dbquit; end
diary off
